# observatory=LOFAR
# coordsys=XYZ
3847753.01991 466962.77408 5048396.85744 50.000000 RS208
3877827.27181 467536.56998 5025445.19744 50.000000 RS210
3845375.99991 413616.52908 5054795.95444 50.000000 RS310
3811649.16491 453459.85908 5076728.56544 50.000000 RS407
3824812.33091 426130.29508 5069251.36744 50.000000 RS409
3797136.19391 463114.41208 5086650.89944 50.000000 RS508
3783537.23491 450130.02908 5097865.75944 50.000000 RS509
4034101.23191 487012.72208 4900230.11244 50.000000 DE601
4152567.71591 828789.11808 4754361.81644 50.000000 DE602
3940295.41591 816722.83008 4932394.02944 50.000000 DE603
4005680.72991 450968.60808 4926457.82444 50.000000 DE605
4324016.41791 165545.49008 4670270.97644 50.000000 FR606
3370271.36691 712125.84608 5349990.77844 50.000000 SE607
4008461.65091 -100376.64392 4943716.48744 50.000000 UK608
3727217.38341 655109.13978 5117002.73644 50.000000 DE609
3826557.16601 461029.02258 5064907.42834 50.000000 ST001
